start=218.600000
volume=52.000000
aid=2
sid=2
